52 40
57 41
141 72
148 68
161 50
184 55
185 73
188 51
226 55
240 50
258 47
259 50
261 50
265 45
267 61
288 42
293 55
299 60
382 63
383 70
384 65
385 40
396 67
398 65
401 52
403 73
404 65
405 60
407 43
408 48
409 55
436 62
448 55
465 68
470 52
471 52
474 62
476 62
481 48
484 83
486 57
519 40
521 68
523 43
534 43
552 40
553 40
555 71
556 65
557 76
558 55
569 50
630 80
631 70
633 70
634 55
635 60
637 76
641 62
664 50
665 53
667 53
668 40
670 40
680 68
684 73
685 55
687 43
688 43
689 43
690 48
691 56
705 40
708 65
712 57
725 55
732 60
801 60
803 47
805 57
806 45
808 51
809 55
810 50
811 53
812 66
814 50
815 52
819 48
822 45
825 45
826 45
827 62
829 40
831 50
838 62
839 55
840 60
842 60
843 57
844 40
846 66
847 58
848 57
